y <- 99
x <- 33
x + y

